hthread 9 1 2 38 67 2 2 38 67 3 2 38 67 4 2 38 67 5 2 38 67 6 2 38 67 7 2 38 67 8 2 38 67 9 2 38 67 
handle 9 1 3 19 19 38 2 3 19 19 38 3 3 19 19 38 4 3 19 19 38 5 3 19 19 38 6 3 19 19 38 7 3 19 19 38 8 3 19 19 38 9 3 19 19 38 
include 9 1 5 0 2 3 4 5 2 5 0 2 3 4 5 3 5 0 2 3 4 5 4 5 0 2 3 4 5 5 5 0 2 3 4 5 6 5 0 2 3 4 5 7 5 0 2 3 4 5 8 5 0 2 3 4 5 9 6 0 0 2 3 4 5 
index 9 1 1 54 2 1 54 3 1 54 4 1 54 5 1 54 6 1 54 7 1 54 8 1 54 9 1 54 
indexer 9 1 4 45 45 54 64 2 4 45 45 54 64 3 4 45 45 54 64 4 4 45 45 54 64 5 4 45 45 54 64 6 4 45 45 54 64 7 4 45 45 54 64 8 4 45 45 54 64 9 4 45 45 54 64 
info 9 1 5 14 14 16 17 21 2 5 14 14 16 17 21 3 5 14 14 16 17 21 4 5 14 14 16 17 21 5 5 14 14 16 17 21 6 5 14 14 16 17 21 7 5 14 14 16 17 21 8 5 14 14 16 17 21 9 5 14 14 16 17 21 
iostream 9 1 1 2 2 1 2 3 1 2 4 1 2 5 1 2 6 1 2 7 1 2 8 1 2 9 1 2 
iterator 9 1 1 48 2 1 48 3 1 48 4 1 48 5 1 48 6 1 48 7 1 48 8 1 48 9 1 48 
lpparam 9 1 1 12 2 1 12 3 1 12 4 1 12 5 1 12 6 1 12 7 1 12 8 1 12 9 1 12 
lpvoid 9 1 1 12 2 1 12 3 1 12 4 1 12 5 1 12 6 1 12 7 1 12 8 1 12 9 1 12 
length 9 1 1 51 2 1 51 3 1 51 4 1 51 5 1 51 6 1 51 7 1 51 8 1 51 9 1 51 
main 9 1 1 31 2 1 31 3 1 31 4 1 31 5 1 31 6 1 31 7 1 31 8 1 31 9 1 31 
namespace 9 1 1 6 2 1 6 3 1 6 4 1 6 5 1 6 6 1 6 7 1 6 8 1 6 9 1 6 
origin 9 1 2 18 26 2 2 18 26 3 2 18 26 4 2 18 26 5 2 18 26 6 2 18 26 7 2 18 26 8 2 18 26 9 2 18 26 
output 9 1 1 19 2 1 19 3 1 19 4 1 19 5 1 19 6 1 19 7 1 19 8 1 19 9 1 19 
printcount 9 1 2 12 38 2 2 12 38 3 2 12 38 4 2 12 38 5 2 12 38 6 2 12 38 7 2 12 38 8 2 12 38 9 2 12 38 
printf 9 1 2 25 60 2 2 25 60 3 2 25 60 4 2 25 60 5 2 25 60 6 2 25 60 7 2 25 60 8 2 25 60 9 2 25 60 
path 9 1 1 50 2 1 50 3 1 50 4 1 50 5 1 50 6 1 50 7 1 50 8 1 50 9 1 50 
resultfile 9 1 2 34 64 2 2 34 64 3 2 34 64 4 2 34 64 5 2 34 64 6 2 34 64 7 2 34 64 8 2 34 64 9 2 34 64 
return 9 1 1 70 2 1 70 3 1 70 4 1 70 5 1 70 6 1 70 7 1 70 8 1 70 9 1 70 
stoi 9 1 1 51 2 1 51 3 1 51 4 1 51 5 1 51 6 1 51 7 1 51 8 1 51 9 1 51 
string 9 1 2 50 50 2 2 50 50 3 2 50 50 4 2 50 50 5 2 50 50 6 2 50 50 7 2 50 50 8 2 50 50 9 2 50 50 
stdh 9 1 3 19 21 26 2 3 19 21 26 3 3 19 21 26 4 3 19 21 26 5 3 19 21 26 6 3 19 21 26 7 3 19 21 26 8 3 19 21 26 9 3 19 21 26 
stdin 9 1 1 68 2 1 68 3 1 68 4 1 68 5 1 68 6 1 68 7 1 68 8 1 68 9 1 68 
substr 9 1 1 51 2 1 51 3 1 51 4 1 51 5 1 51 6 1 51 7 1 51 8 1 51 9 1 51 
system 9 1 1 69 2 1 69 3 1 69 4 1 69 5 1 69 6 1 69 7 1 69 8 1 69 9 1 69 
saad 1 9 2 0 4 
setconsolecursorinfo 9 1 1 21 2 1 21 3 1 21 4 1 21 5 1 21 6 1 21 7 1 21 8 1 21 9 1 21 
setconsolecursorposition 9 1 1 26 2 1 26 3 1 26 4 1 26 5 1 26 6 1 26 7 1 26 8 1 26 9 1 26 
time 9 1 4 4 41 42 59 2 4 4 41 42 59 3 4 4 41 42 59 4 4 4 41 42 59 5 4 4 41 42 59 6 4 4 41 42 59 7 4 4 41 42 59 8 4 4 41 42 59 9 3 41 42 59 
total 9 1 1 25 2 1 25 3 1 25 4 1 25 5 1 25 6 1 25 7 1 25 8 1 25 9 1 25 
true 9 1 1 9 2 1 9 3 1 9 4 1 9 5 1 9 6 1 9 7 1 9 8 1 9 9 1 9 
unsigned 9 1 2 8 44 2 2 8 44 3 2 8 44 4 2 8 44 5 2 8 44 6 2 8 44 7 2 8 44 8 2 8 44 9 2 8 44 
using 9 1 1 6 2 1 6 3 1 6 4 1 6 5 1 6 6 1 6 7 1 6 8 1 6 9 1 6 
while 9 1 1 23 2 1 23 3 1 23 4 1 23 5 1 23 6 1 23 7 1 23 8 1 23 9 1 23 
winapi 9 1 1 12 2 1 12 3 1 12 4 1 12 5 1 12 6 1 12 7 1 12 8 1 12 9 1 12 
windows 9 1 1 5 2 1 5 3 1 5 4 1 5 5 1 5 6 1 5 7 1 5 8 1 5 9 1 5 
write 9 1 1 64 2 1 64 3 1 64 4 1 64 5 1 64 6 1 64 7 1 64 8 1 64 9 1 64 
auto 9 1 1 48 2 1 48 3 1 48 4 1 48 5 1 48 6 1 48 7 1 48 8 1 48 9 1 48 
bool 9 1 1 9 2 1 9 3 1 9 4 1 9 5 1 9 6 1 9 7 1 9 8 1 9 9 1 9 
bvisible 9 1 1 17 2 1 17 3 1 17 4 1 17 5 1 17 6 1 17 7 1 17 8 1 17 9 1 17 
begin 9 1 3 41 42 60 2 3 41 42 60 3 3 41 42 60 4 3 41 42 60 5 3 41 42 60 6 3 41 42 60 7 3 41 42 60 8 3 41 42 60 9 3 41 42 60 
char 9 1 2 33 34 2 2 33 34 3 2 33 34 4 2 33 34 5 2 33 34 6 2 33 34 7 2 33 34 8 2 33 34 9 2 33 34 
closehandle 9 1 1 67 2 1 67 3 1 67 4 1 67 5 1 67 6 1 67 7 1 67 8 1 67 9 1 67 
console 9 1 1 14 2 1 14 3 1 14 4 1 14 5 1 14 6 1 14 7 1 14 8 1 14 9 1 14 
const 9 1 4 33 34 48 50 2 4 33 34 48 50 3 4 33 34 48 50 4 4 33 34 48 50 5 4 33 34 48 50 6 4 33 34 48 50 7 4 33 34 48 50 8 4 33 34 48 50 9 4 33 34 48 50 
coord 9 1 1 18 2 1 18 3 1 18 4 1 18 5 1 18 6 1 18 7 1 18 8 1 18 9 1 18 
countfiles 9 1 4 8 25 37 55 2 4 8 25 37 55 3 4 8 25 37 55 4 4 8 25 37 55 5 4 8 25 37 55 6 4 8 25 37 55 7 4 8 25 37 55 8 4 8 25 37 55 9 4 8 25 37 55 
createthread 9 1 1 38 2 1 38 3 1 38 4 1 38 5 1 38 6 1 38 7 1 38 8 1 38 9 1 38 
cursor 9 1 1 14 2 1 14 3 1 14 4 1 14 5 1 14 6 1 14 7 1 14 8 1 14 9 1 14 
directory 9 1 1 48 2 1 48 3 1 48 4 1 48 5 1 48 6 1 48 7 1 48 8 1 48 9 1 48 
dword 9 1 1 12 2 1 12 3 1 12 4 1 12 5 1 12 6 1 12 7 1 12 8 1 12 9 1 12 
dwsize 9 1 1 16 2 1 16 3 1 16 4 1 16 5 1 16 6 1 16 7 1 16 8 1 16 9 1 16 
datasetdir 9 1 3 33 48 54 2 3 33 48 54 3 3 33 48 54 4 3 33 48 54 5 3 33 48 54 6 3 33 48 54 7 3 33 48 54 8 3 33 48 54 9 3 33 48 54 
entry 9 1 2 48 50 2 2 48 50 3 2 48 50 4 2 48 50 5 2 48 50 6 2 48 50 7 2 48 50 8 2 48 50 9 2 48 50 
exitthread 9 1 1 28 2 1 28 3 1 28 4 1 28 5 1 28 6 1 28 7 1 28 8 1 28 9 1 28 
filename 9 1 1 50 2 1 50 3 1 50 4 1 50 5 1 50 6 1 50 7 1 50 8 1 50 9 1 50 
filenamestr 9 1 4 50 51 51 54 2 4 50 51 51 54 3 4 50 51 51 54 4 4 50 51 51 54 5 4 50 51 51 54 6 4 50 51 51 54 7 4 50 51 51 54 8 4 50 51 51 54 9 4 50 51 51 54 
filesystem 9 1 2 3 48 2 2 3 48 3 2 3 48 4 2 3 48 5 2 3 48 6 2 3 48 7 2 3 48 8 2 3 48 9 2 3 48 
false 9 1 2 17 61 2 2 17 61 3 2 17 61 4 2 17 61 5 2 17 61 6 2 17 61 7 2 17 61 8 2 17 61 9 2 17 61 
fflush 9 1 1 68 2 1 68 3 1 68 4 1 68 5 1 68 6 1 68 7 1 68 8 1 68 9 1 68 
getstdhandle 9 1 1 19 2 1 19 3 1 19 4 1 19 5 1 19 6 1 19 7 1 19 8 1 19 9 1 19 
